%YAML:1.0
---
extrinsicTlc: !!opencv-matrix
   rows: 4
   cols: 4
   dt: d
   data: [ -5.1607744394495858e-01, -4.3492938884879689e-01,
       7.3790277040193497e-01, 3.1967083474657138e-01,
       -5.5738402651431096e-01, 8.2465821318681032e-01,
       9.6238653410318550e-02, -4.3346226141643646e-01,
       -6.5037459885663784e-01, -3.6162861908199362e-01,
       -6.6801019679561668e-01, 2.1048340307338367e-01, 0., 0., 0., 1. ]
RollPitchYaw: !!opencv-matrix
   rows: 3
   cols: 1
   dt: d
   data: [ -2.6454132609551717e+00, 7.0807747661188458e-01,
       -2.3177336657328285e+00 ]
txtytz: !!opencv-matrix
   rows: 3
   cols: 1
   dt: d
   data: [ 3.1967083474657138e-01, -4.3346226141643646e-01,
       2.1048340307338367e-01 ]
